0 0.08359375 0.73828125 0.09140625 0.05625
0 0.040625 0.51328125 0.08125 0.05390625
0 0.05625 0.43203125 0.1125 0.05390625
0 0.278125 0.25 0.028125 0.0265625
0 0.34296875 0.3203125 0.0390625 0.0234375
0 0.3390625 0.34765625 0.05 0.0375
0 0.72890625 0.2609375 0.0296875 0.028125
0 0.3 0.22109375 0.0203125 0.0140625
0 0.4796875 0.60546875 0.02421875 0.0234375
0 0.16328125 0.759375 0.03125 0.0234375
0 0.1640625 0.7890625 0.021875 0.015625
0 0.3734375 0.8390625 0.02578125 0.02109375
0 0.65625 0.8828125 0.02578125 0.02109375
0 0.63671875 0.9890625 0.02421875 0.01953125
0 0.615625 0.2296875 0.01875 0.01640625
0 0.22109375 0.3265625 0.0234375 0.01875