0 0.2234375 0.62890625 0.0796875 0.065625
0 0.2671875 0.1953125 0.034375 0.03125
0 0.57734375 0.1546875 0.02890625 0.03125
0 0.728125 0.14609375 0.07890625 0.03359375
0 0.81875 0.48515625 0.07109375 0.0640625
0 0.340625 0.5671875 0.05546875 0.07109375
0 0.15390625 0.20546875 0.05546875 0.04765625
0 0.43515625 0.16796875 0.05 0.07578125
0 0.50625 0.14296875 0.0390625 0.059375
0 0.17109375 0.11328125 0.03125 0.02890625
0 0.553125 0.6921875 0.0765625 0.0640625
0 0.0328125 0.55546875 0.065625 0.06171875
0 0.26328125 0.69453125 0.03125 0.03125
0 0.1015625 0.66015625 0.06015625 0.13828125
0 0.5984375 0.77421875 0.11328125 0.07578125
0 0.4328125 0.30703125 0.02109375 0.025
0 0.675 0.28515625 0.08984375 0.05625
0 0.91875 0.26484375 0.1625 0.084375
0 0.58515625 0.8609375 0.0828125 0.0625
0 0.325 0.784375 0.05546875 0.078125
0 0.8203125 0.74921875 0.21484375 0.053125
0 0.79609375 0.60390625 0.07578125 0.03125
0 0.76796875 0.55078125 0.06953125 0.04375
0 0.8859375 0.66796875 0.05546875 0.053125
0 0.69921875 0.8046875 0.05546875 0.08125
0 0.18359375 0.41953125 0.1109375 0.08125
0 0.8 0.403125 0.0453125 0.02578125
0 0.3515625 0.71875 0.0203125 0.015625
0 0.703125 0.6046875 0.015625 0.01875
0 0.32734375 0.859375 0.015625 0.02265625
0 0.5015625 0.87265625 0.04375 0.05
0 0.52109375 0.778125 0.0359375 0.10546875
0 0.3421875 0.8796875 0.0296875 0.02734375